34.36
34.45
34.7
34.8
34.88
35.16
35.6
35.86
35.86
35.7
35.48
35.28
35.22
35.18
34.98
35.2
35.51
35.32
34.45
34.54
34.39
34.18
33.92
33.73
33.4
32.94
32.55
32.03
31.62
31.6
31.72
31.6
31.55
31.22
30.85
30.61
30.35
30.26
30.1
29.9
29.94
30
30.34
30.83
30.97
30.84
30.73
30.67
30.56
30.45
30.45
30.42
30.66
30.78
31.52
32.41
32.96
32.85
32.57
32.41
32.33
32.2
31.94
31.77
31.6
31.84
32.42
33.12
33.33
33
32.65
32.23
31.99
31.79
31.44
30.96
30.76
30.68
31.15
31.52
31.7
31.45
31.12
30.88
30.73
30.6
30.58
30.4
30.88
31.1
31.96
33.33
33.58
33.32
33.19
33.09
33
32.95
32.92
32.92
33.54
33.86
35.23
36.14
36.36
36
35.68
35.44
36.44
36.06
34.9
34.84
34.9
36.1
36.94
37.84
38.04
37.79
37.34
36.98
36.77
36.54
36.39
36.39
37.61
38.6
39.39
40.16
40.06
39.57
39.09
38.76
38.52
38.35
38.37
38.81
39.34
39.81
40.85
41.92
42.2
41.5
40.93
40.5
40.16
39.84
39.64
39.43
40.12
41.39
42.73
43.58
43.49
44.18
44.94
45.53
46.06
46.42
46.78
39.42
39.96
40.58
41.2
41.7
41.52
40.88
40.49
40.24
40.18
40.12
39.81
39.84
40.64
40.9
41.86
41.84
41.82
41.6
40.7
40.1
39.95
39.89
39.38
39.07
40.16
42.5
43.2
44.11
43.79
43.34
42.61
41.92
41.44
40.85
40.74
40.52
41.27
42.11
43.88
45.09
45.06
44.22
43.16
42.48
42.42
41.46
40.82
40.82
41.73
42.19
43.26
44.49
44.28
43.54
42.05
42.48
42.13
41.66
41.28
41.29
42.33
43.4
44.88
45.73
45.78
45.16
44.62
43.93
43.34
42.93
42.62
43.04
44.69
45.77
46.63
47.68
47.72
47.24
47.18
47.12
47.06
47
46.4
44.53
45.63
47.58
48.16
49.31
49.42
49.36
49.3
49.24
49.18
46.2
45.46
45
45.3
45.67
46.73
48.08
48.92
48.45
46.55
45.88
45
44.15
43.4
42.86
43.65
44.45
44.8
46.74
47.23
46.66
45.77
45.22
44.86
44.4
44.03
43.55
43.91
44.9
45.45
47.96
48.93
48.55
47.4
46.74
46.41
45.8
45.57
45.02
45.9
47.87
49.02
49.89
49.83
50.59
49.56
48.79
48.07
47.75
47.26
46.84
47.73
48.24
50.98
51.71
52.38
52.39
51.42
50.67
50.11
49.35
49.19
49.93
51.79
52.79
52.92
55.62
56.8
56.64
55.45
54.78
54.07
53.46
52.99
52.49
52.08
54.65
55.27
56.76
57.68
56.25
55.2
54.19
53.32
52.48
51.37
51.07
50.71
52.78
54.35
55.46
56.52
55.7
54.47
54.21
53.08
52.41
51.71
51.66
52.84
54.11
55.28
56.11
57.02
55.96
55.55
54.83
